    [[4,1,2000,-10],[8,1,2000,0],[8,4,2000,0],[8,4,2000,-5],[3,1,2000,-5]],
    [[4,1,2000,-10],[8,1,2000,0],[8,4,2000,0],[8,4,2000,-5],[3,1,2000,-5]],
    [[4,1,2000,-10],[8,1,2000,0],[8,4,2000,0],[8,4,2000,0],[3,1,2000,0]],
    [[4,1,4,-10],[8,1,4,0],[8,4,4,0],[8,4,2000,6],[6,3,2000,7]],
    [[4,1,4,-10],[8,1,4,0],[8,4,4,0],[8,4,2000,6],[6,3,2000,7]],
    [[4,1,4,-10],[8,1,4,0],[22,4,4,0],[22,4,2000,6],[6,3,2000,7]],
    [[4,1,4,-10],[8,1,0,0],[22,4,4,0],[22,4,2000,6],[6,3,2000,7]],
    [[4,1,4,-3],[8,1,0,-3],[22,4,4,0],[22,4,2000,6],[6,3,2000,7]],
    [[4,1,4,-3],[8,1,0,-3],[22,4,4,4],[22,4,2000,6],[33,3,2000,7]],
    [[4,1,4,-3],[8,1,0,-3],[22,4,4,4],[22,4,2000,6],[33,3,2000,7]],
    [[4,1,4,-3],[8,1,0,-3],[22,4,4,4],[22,4,2000,6],[33,3,2000,7]],
    [[4,1,4,-3],[8,1,0,-3],[22,4,4,4],[22,4,2000,6],[33,3,1000,7]],